511751
511754
511757
511760
511763
511766
511769
511772
511775
511778
511781
511784
511787
511790
511793
511796
511799
511802
511805
511808
511811
511814
511817
511820
511823
511826
511829
511832
511835
511838
511841
511844
511847
511850
511853
511856
511859
511862
511865
511868
511871
511874
511877
511880
511883
511886
511889
511892
511895
511898
511901
511904
511907
511910
511913
511916
511919
511922
511925
511928
511931
511934
511937
511940
511943
511946
511949
511952
511955
511958
511961
511964
511967
511970
511973
511976
511979
511982
511985
511988
511991
511994
511997
512000
512003
512006
512009
512012
512015
512018
512021
512024
512027
512030
512033
512036
512039
512042
512045
512048
512051
512054
512057
