505505
505511
505514
505523
505526
505529
505532
505535
505538
505541
505544
505547
505550
505553
505556
505559
505562
505565
505568
505571
505574
505577
505580
505583
505586
505589
505592
505595
505598
505601
505604
505607
505610
505613
505616
505619
505622
505625
505628
505631
505634
505637
505640
505643
505646
505649
505652
505655
505658
505661
505664
505667
505670
505673
505676
505679
505682
505685
505688
505691
505694
505697
505700
505703
505706
505709
505712
505715
505718
505721
505724
505727
505730
505733
505736
505739
505742
505745
505748
505751
505754
505757
505760
505763
505766
505769
505772
505775
505778
505781
505784
505787
505790
505793
505796
505799
505802
505805
505808
505811
505814
